vector<vector<int>> costo = {
        { 1, 2, 3 },
        { 4, 8, 2 },
        { 1, 5, 3 } 
    };
vector<vector<int>> costo = {
        { 15, 2, 3, 9, 10, 7 },
        { 4, 8, 2, 11, 6, 5 },
        { 1, 5, 3, 14, 12, 8 },
        { 9, 7, 6, 4, 13, 10 },
        { 3, 16, 2, 8, 5, 9 },
        { 7, 2, 11, 3, 6, 4 }
    };
vector<vector<int>> costo = {
        { 7, 2, 9, 10, 4, 12, 5, 8, 3, 6 },
        { 3, 14, 6, 11, 9, 2, 7, 13, 8, 5 },
        { 10, 4, 12, 5, 8, 3, 9, 6, 14, 7 },
        { 2, 9, 7, 13, 11, 4, 10, 5, 12, 8 },
        { 6, 3, 8, 2, 14, 9, 1, 11, 7, 13 },
        { 5, 12, 4, 9, 6, 10, 8, 2, 15, 3 },
        { 11, 7, 3, 14, 5, 6, 12, 9, 4, 10 },
        { 8, 1, 13, 7, 2, 15, 6, 14, 5, 9 },
        { 4, 10, 5, 3, 12, 8, 11, 7, 2, 14 },
        { 9, 6, 2, 12, 13, 1, 14, 4, 10, 11 }
    };